0.1101
0.1237
0.1479
0.1699
0.1745
0.1957
0.2257
0.2308
0.2384
0.2478
0.2532
0.2640
0.2748
0.2822
0.2842
0.2900
0.2886
0.2938
0.3016
0.2984
0.2982
0.3096
0.3162
0.3074
0.3226
0.3272
0.3254
0.3274
0.3338
0.3342
0.3330
0.3448
0.3476
0.3466
0.3496
0.3512
0.3518
0.3518
0.3642
0.3612
0.3660
0.3708
0.3772
0.3706
0.3866
0.3838
0.3840
0.3848
0.3902
0.3874
0.3942
0.3902
0.3968
0.4004
0.3936
0.3992
0.4018
0.3958
0.4016
0.4006
0.4032
0.4078
0.4136
0.4146
0.4200
0.4112
0.4196
0.4140
0.4204
0.4286
0.4244
0.4226
0.4232
0.4180
0.4266
0.4160
0.4204
0.4266
0.4314
0.4228
0.4298
0.4310
0.4274
0.4282
0.4306
0.4360
0.4326
0.4324
0.4332
0.4314
0.4398
0.4428
0.4484
0.4334
0.4408
0.4460
0.4500
0.4524
0.4518
0.4426
0.4580
0.4514
0.4480
0.4390
0.4496
0.4492
0.4582
0.4574
0.4498
0.4578
0.4550
0.4534
0.4522
0.4576
0.4542
0.4542
0.4534
0.4578
0.4646
0.4554
0.4608
0.4528
0.4554
0.4646
0.4588
0.4670
0.4642
0.4576
0.4654
0.4604
0.4574
0.4536
0.4700
0.4632
0.4716
0.4652
0.4640
0.4670
0.4634
0.4714
0.4694
0.4802
0.4702
0.4708
0.4740
0.4636
0.4672
0.4794
0.4724
0.4794
0.4652
0.4762
0.4756
0.4698
0.4748
0.4676
0.4816
0.4814
0.4810
0.4760
0.4896
0.4804
0.4714
0.4804
0.4884
0.4772
0.4732
0.4826
0.4818
0.4836
0.4898
0.4894
0.4788
0.4800
0.4856
0.4946
0.4864
0.4866
0.4842
0.4888
0.4866
0.4784
0.4924
0.4894
0.4900
0.4906
0.4834
0.4878
0.4970
0.4968
0.4906
0.4956
0.4862
0.4880
0.4880
0.4982
0.4936
0.4952
0.4988
0.4898
0.4968
0.4974
0.4950
0.5032
0.5032
0.4950
0.5000
0.5038
0.2258
0.2330
0.2476
0.2466
0.2530
0.2594
0.2660
0.2740
0.2796
0.2834
0.2928
0.2938
0.2996
0.3060
0.3078
0.3144
0.3146
0.3198
0.3236
0.3292
0.3288
0.3366
0.3398
0.3470
0.3390
0.3536
0.3496
0.3550
0.3508
0.3602
0.3574
0.3570
0.3634
0.3718
0.3686
0.3704
0.3722
0.3774
0.3784
0.3762
0.3830
0.3874
0.3826
0.3852
0.3850
0.3870
0.3870
0.3974
0.3936
0.3942
0.3962
0.3924
0.3958
0.4028
0.3930
0.4054
0.4116
0.4126
0.4090
0.4076
0.4152
0.4044
0.4126
0.4040
0.4098
0.4142
0.4096
0.4240
0.4230
0.4190
0.4272
0.4250
0.4200
0.4206
0.4248
0.4262
0.4316
0.4284
0.4338
0.4276
0.4288
0.4364
0.4292
0.4352
0.4338
0.4382
0.4396
0.4362
0.4422
0.4346
0.4386
0.4440
0.4440
0.4444
0.4330
0.4490
0.4374
0.4462
0.4516
0.4454
0.4438
0.4516
0.4434
0.4486
0.4572
0.4554
0.4586
0.4498
0.4614
0.4550
0.4532
0.4484
0.4550
0.4536
0.4550
0.4598
0.4570
0.4564
0.4620
0.4594
0.4642
0.4514
0.4628
0.4626
0.4652
0.4644
0.4574
0.4680
0.4780
0.4662
0.4674
0.4662
0.4694
0.4644
0.4708
0.4690
0.4686
0.4712
0.4724
0.4702
0.4710
0.4726
0.4786
0.4734
0.4772
0.4750
0.4710
0.4670
0.4712
0.4788
0.4750
0.4780
0.4786
0.4850
0.4924
0.4864
0.4856
0.4856
0.4778
0.4848
0.4882
0.4854
0.4928
0.4962
0.4970
0.4896
0.4832
0.4812
0.4732
0.4860
0.4966
0.4950
0.4924
0.4930
0.4952
0.4872
0.4904
0.4872
0.4896
0.4958
0.4928
0.5002
0.4930
0.4934
0.4940
0.4948
0.5028
0.4842
0.4968
0.4986
0.4900
0.4926
0.5002
0.4998
0.4988
0.5004
0.5046
0.4990
0.5078
0.4996
0.4950
0.4988
0.5042
0.4996
0.5022
0.4910
0.5028
0.5046
0.4922
0.4958
0.5038
0.5052
0.5116
0.5106
0.5044
0.4996
0.5038
0.4942
0.4942
0.4960
0.5068
0.5050
0.5026
0.5016
0.5124
0.5016
0.5002
0.5006
0.5014
0.4976
0.5004
0.5064
0.5030
0.5022
0.1962
0.2145
0.2253
0.2382
0.2451
0.2498
0.2563
0.2609
0.2681
0.2719
0.2784
0.2802
0.2873
0.2879
0.2875
0.2933
0.2968
0.3055
0.3056
0.3120
0.3148
0.3146
0.3193
0.3222
0.3255
0.3329
0.3325
0.3376
0.3391
0.3416
0.3428
0.3474
0.3482
0.3483
0.3507
0.3610
0.3562
0.3656
0.3602
0.3702
0.3730
0.3650
0.3718
0.3725
0.3789
0.3775
0.3758
0.3830
0.3828
0.3860
0.3857
0.3850
0.3877
0.3915
0.3974
0.3938
0.3976
0.3909
0.4000
0.3975
0.4018
0.4007
0.3987
0.4076
0.4057
0.4042
0.4086
0.4063
0.4099
0.4099
0.4091
0.4100
0.4114
0.4143
0.4144
0.4110
0.4200
0.4150
0.4236
0.4254
0.4193
0.4226
0.4211
0.4222
0.4240
0.4253
0.4248
0.4295
0.4239
0.4302
0.4282
0.4298
0.4339
0.4289
0.4297
0.4297
0.4248
0.4359
0.4337
0.4339
0.4391
0.4420
0.4370
0.4392
0.4414
0.4378
0.4354
0.4409
0.4421
0.4381
0.4449
0.4403
0.4438
0.4416
0.4420
0.4402
0.4464
0.4414
0.4496
0.4431
0.4480
0.4446
0.4453
0.4473
0.4453
0.4476
0.4492
0.4497
0.4480
0.4505
0.4477
0.4518
0.4523
0.4461
0.4458
0.4465
0.4500
0.4508
0.4564
0.4509
0.4513
0.4558
0.4545
0.4543
0.4609
0.4554
0.4544
0.4551
0.4605
0.4640
0.4597
0.4571
0.4639
0.4499
0.4512
0.4626
0.4609
0.4575
0.4666
0.4617
0.4594
0.4647
0.4687
0.4597
0.4642
0.4644
0.4650
0.4649
0.4574
0.4635
0.4662
0.4647
0.4658
0.4656
0.4674
0.4601
0.4639
0.4646
0.4660
0.4690
0.4688
0.4671
0.4676
0.4703
0.4669
0.4718
0.4722
0.4704
0.4732
0.4688
0.4691
0.4704
0.4728
0.4729
0.4753
0.4668
0.4715
0.4749
0.4748
0.4722
0.4717
0.4738
0.4796
0.4740
0.4805
0.4728
0.4757
0.4720
0.4788
0.4741
0.4835
0.4726
0.4735
0.4777
0.4703
0.4779
0.4725
0.4769
0.4751
0.4750
0.4753
0.4799
0.4771
0.4794
0.4756
0.4797
0.4771
0.4813
0.4818
0.4782
0.4791
0.4788
0.4791
0.4778
0.4814
0.4798
0.4881
0.4849
0.4886
0.4857
0.4802
0.4858
0.4876
0.4884
0.4833
0.4839
0.4860
0.4816
0.4843
0.4868
0.4870
0.4939
0.4821
0.4878
0.4878
0.4844
0.4870
0.4860
0.4885
0.4883
0.4875
0.4962
0.4831
0.4937
0.4931
0.4883
0.4924
0.4855
0.4907
0.4921
0.4888
0.4863
0.4940
0.4939
0.4906
0.4932
0.4875
0.4960
0.4953
0.4929
0.4892
0.4934
0.4819
0.4912
0.4927
0.4922
0.4935
0.4903
0.4938
0.4902
0.4861
0.4922
0.4956
0.4945
0.4939
0.4944
0.4988
0.4958
0.4974
0.4990
0.4959
0.4953
0.4931
0.5003
0.4940
0.4981
0.4978
0.4977
0.5030
0.4962
0.4951
0.4984
0.5007
0.4935
0.4985
0.5011
0.4994
0.4986
0.4961
0.5013
0.5013
0.5037
0.4954
0.5005
0.4987
0.4999
0.5034
0.5011
0.4982
0.5016
0.4934
0.5019
0.4956
0.5003
0.4969
0.4983
0.5004
0.4998
0.5011
0.5089
0.5001
0.4985
0.4963
0.5037
0.4988
0.5089
0.5059
0.5050
0.5015
0.5022
0.4991
0.5011
0.5052
0.5118
0.5018
0.5056
0.5024
0.5068
0.5071
0.5058
0.5048
0.5072
0.4977
0.5051
0.5021
0.5045
0.5073
0.5020
0.4992
0.5051
0.5092
0.5104
0.5068
0.5015
0.5064
0.5043
0.5051
0.5116
0.5133
0.5057
0.5139
0.5065
0.5117
0.5098
0.5067
0.5076
0.5055
0.5006
0.5126
0.5108
0.5014
0.5079
0.5152
0.5118
0.5104
0.5135
0.5110
0.5092
0.5020
0.5123
0.5078
0.5186
0.5136
0.5064
0.5030
0.5161
0.5079
0.5008
0.5154
0.5068
0.5102
0.5085
0.5102
0.5088
0.5118
0.5081
0.5072
0.5108
0.5156
0.5127
0.5124
0.5094
0.5152
0.5053
0.5126
0.5159
0.5135
0.5138
0.5082
0.5087
0.5176
0.5169
0.5158
0.5120
0.5146
0.5132
0.5110
0.5114
0.5125
0.5136
0.5110
0.5127
0.5079
0.5150
0.5211
0.5144
0.5112
0.5183
0.5136
0.5154
0.5202
0.5232
0.5197
0.5119
0.5176
0.5177
0.5137
0.5159
0.5211
0.5203
0.5222
0.5151
0.5193
0.5166
0.5155
0.5145
0.5194
0.5202
0.5178
0.5156
0.5204
0.5115
0.5218
0.5231
0.5217
0.5202
0.5223
0.5201
0.5158
0.5205
0.5214
0.5151
0.5190
0.5163
0.5203
0.5185
0.5164
0.5266
0.5189
0.5226
0.5249
0.5166
0.5162
0.5198
0.5257
0.5155
0.5268
0.5159
0.5189
0.5201
0.5247
0.5257
0.5204
0.5269
0.5254
0.5238
0.5215
0.5244
0.5283
0.5271
0.5195
0.5289
0.5229
0.5210
0.5206
0.5246
0.5325
0.5215
0.5133
0.5176
0.5160
0.5277
0.5249
0.5295
0.5233
0.5208
0.5258
0.5235
0.5301
0.5205
0.5220
0.5242
0.5251
0.5214
0.5290
0.5288
0.5253
0.5254
0.5242
0.5257
0.5280
0.5209
0.5234
0.5246
0.5248
0.5267
0.5283
0.5190
0.5253
0.5230
0.5253
0.5287
0.5233
0.5241
0.5230
0.5214
0.5298
0.5297